0.000000e+00 0.000000e+00 0.000000e+00 3.991879e+00 3.991879e+00
1.562500e-01 4.061498e-08 2.140944e-05 3.983805e+00 3.983805e+00
4.687500e-01 4.029277e-07 2.042338e-05 3.919867e+00 3.919865e+00
6.250000e-01 7.161221e-07 1.953338e-05 3.864863e+00 3.864860e+00
7.812500e-01 1.107694e-06 1.838455e-05 3.795414e+00 3.795409e+00
9.375000e-01 1.567359e-06 1.698317e-05 3.712441e+00 3.712435e+00
1.250000e+00 2.637266e-06 1.345550e-05 3.510430e+00 3.510420e+00
1.406250e+00 3.214210e-06 1.134935e-05 3.393995e+00 3.393984e+00
1.562500e+00 3.792566e-06 9.030888e-06 3.269195e+00 3.269183e+00
1.875000e+00 4.857928e-06 3.813369e-06 3.000726e+00 3.000711e+00
2.031250e+00 5.290773e-06 9.460444e-07 2.860265e+00 2.860250e+00
2.187500e+00 5.617099e-06 2.070182e-06 2.717803e+00 2.717788e+00
2.343750e+00 5.804616e-06 5.215983e-06 2.574925e+00 2.574910e+00
2.656250e+00 5.629707e-06 1.181213e-05 2.293961e+00 2.293948e+00
2.812500e+00 5.201843e-06 1.521689e-05 2.158688e+00 2.158677e+00
2.968750e+00 4.507698e-06 1.865991e-05 2.028587e+00 2.028578e+00
3.125000e+00 3.524493e-06 2.211452e-05 1.904777e+00 1.904770e+00
3.437500e+00 6.482936e-07 2.894180e-05 1.679801e+00 1.679800e+00
3.593750e+00 1.230877e-06 3.224951e-05 1.580149e+00 1.580151e+00
3.750000e+00 3.364273e-06 3.543691e-05 1.489806e+00 1.489811e+00
4.062500e+00 8.143304e-06 4.126026e-05 1.338392e+00 1.338403e+00
4.218750e+00 1.060939e-05 4.376584e-05 1.277621e+00 1.277635e+00
4.375000e+00 1.297849e-05 4.586445e-05 1.226778e+00 1.226794e+00
4.531250e+00 1.513010e-05 4.736558e-05 1.185679e+00 1.185697e+00
4.843750e+00 1.833784e-05 4.638373e-05 1.131437e+00 1.131457e+00
5.000000e+00 1.922625e-05 3.878970e-05 1.117414e+00 1.117435e+00
5.156250e+00 1.957880e-05 3.307822e-05 1.111408e+00 1.111429e+00
5.468750e+00 1.871346e-05 8.202342e-05 1.120954e+00 1.120975e+00
5.625000e+00 1.759145e-05 7.645259e-05 1.135165e+00 1.135185e+00
5.781250e+00 1.610997e-05 7.388921e-05 1.154739e+00 1.154758e+00
5.937500e+00 1.435772e-05 7.215126e-05 1.178970e+00 1.178987e+00
6.250000e+00 1.039469e-05 6.889260e-05 1.238628e+00 1.238640e+00
6.406250e+00 8.343579e-06 6.696050e-05 1.272719e+00 1.272730e+00
6.562500e+00 6.334629e-06 6.470311e-05 1.308813e+00 1.308822e+00
6.875000e+00 2.635798e-06 5.902925e-05 1.384728e+00 1.384731e+00
7.031250e+00 1.013435e-06 5.554723e-05 1.423521e+00 1.423523e+00
7.187500e+00 4.292106e-07 5.160384e-05 1.462269e+00 1.462269e+00
7.343750e+00 1.681584e-06 4.721239e-05 1.500584e+00 1.500581e+00
7.656250e+00 3.616893e-06 3.775988e-05 1.574609e+00 1.574604e+00
7.812500e+00 4.329214e-06 3.364603e-05 1.609794e+00 1.609787e+00
7.968750e+00 4.914221e-06 3.086136e-05 1.643487e+00 1.643479e+00
