ADD22GF:
 7.8596490961212e+02, 0.0000000000000e+00, 0.0000000000000e+00, 3.5669614980980e-02, 0.0000000000000e+00
 0.0000000000000e+00, 1.1718750000000e-01, 0.0000000000000e+00, 6.0876142900872e-01, 0.0000000000000e+00 
 0.0000000000000e+00, 0.0000000000000e+00, 0.0000000000000e+00, 4.9698844787298e-01, 0.0000000000000e+00
 0.0000000000000e+00, 0.0000000000000e+00, 0.0000000000000e+00, 0.0000000000000e+00, 0.0000000000000e+00
 3.3162431475073e-03, 1.2723214328913e-03, 0.0000000000000e+00, 6.1749379329798e-02, -7.1174943279461e-17
 -7.9514617228454e-02, 2.1684043449710e-19, 7.1339229961959e-02, 0.0000000000000e+00, 0.0000000000000e+00
 0.0000000000000e+00, 4.3428571576024e-02, 5.6237855274175e-28
 FDPart3tmp199: 
 -2.0547207386659e-03, -2.0210993372732e-15, 2.0081121668281e-04, 2.9127111111111e+02, 4.2183394827494e-16
 1.1077883212485e-15, -2.9696046585192e-17, -2.1002491406608e-15, 7.8596490961212e+02, 1.0000000000000e+00, 2.1024111021734e-02
