0.000000e+00 0.000000e+00 0.000000e+00 3.997966529243731e+00 3.997966529243731e+00
2.343750e-01 6.449302e-09 1.339274e-06 3.979733419675511e+00 3.979733394009009e+00
3.906250e-01 1.815270e-08 1.306709e-06 3.947547184143811e+00 3.947547112485189e+00
6.250000e-01 4.610504e-08 1.226542e-06 3.870304532703619e+00 3.870304354263097e+00
7.812500e-01 7.098276e-08 1.152656e-06 3.800506525404798e+00 3.800506255634380e+00
1.015625e+00 1.160006e-07 1.012224e-06 3.670668797160252e+00 3.670668371360482e+00
1.171875e+00 1.498884e-07 8.996607e-07 3.569005557261707e+00 3.569005022309161e+00
1.406250e+00 2.038701e-07 7.040620e-07 3.397132241614759e+00 3.397131549041212e+00
1.562500e+00 2.401029e-07 5.569667e-07 3.271748703243913e+00 3.271747917687856e+00
1.796875e+00 2.911221e-07 3.135213e-07 3.071349002930687e+00 3.071348108793410e+00
2.031250e+00 3.330480e-07 4.577593e-08 2.860996044917447e+00 2.860995092068742e+00
2.187500e+00 3.528132e-07 1.443335e-07 2.717937366015204e+00 2.717936407091389e+00
2.421875e+00 3.650962e-07 4.437824e-07 2.503089526716698e+00 2.503088612848649e+00
2.578125e+00 3.586401e-07 6.509482e-07 2.361900967419978e+00 2.361900120347783e+00
2.812500e+00 3.218523e-07 9.692992e-07 2.156718908427635e+00 2.156718214282986e+00
2.968750e+00 2.765713e-07 1.184266e-06 2.026198852247793e+00 2.026198291859460e+00
3.203125e+00 1.740616e-07 1.506459e-06 1.842625642329857e+00 1.842625321599542e+00
3.437500e+00 2.848663e-08 1.822537e-06 1.676483061882972e+00 1.676483014125629e+00
3.593750e+00 9.142824e-08 2.026225e-06 1.576636386415381e+00 1.576636530564476e+00
3.828125e+00 2.998420e-07 2.314710e-06 1.444553374408392e+00 1.444553807546279e+00
3.984375e+00 4.518956e-07 2.490909e-06 1.368775220008099e+00 1.368775838551886e+00
4.218750e+00 6.852053e-07 2.719565e-06 1.273892684648137e+00 1.273893557526702e+00
4.375000e+00 8.338759e-07 2.837487e-06 1.223121433910658e+00 1.223122453842995e+00
4.609375e+00 1.027634e-06 2.925145e-06 1.165226547460491e+00 1.165227744887877e+00
4.765625e+00 1.127118e-06 2.867087e-06 1.138329075129584e+00 1.138330358161823e+00
5.000000e+00 1.218770e-06 2.137556e-06 1.114419006587961e+00 1.114420364809959e+00
5.234375e+00 1.234269e-06 1.319474e-05 1.108581281916005e+00 1.108582650205690e+00
5.390625e+00 1.203133e-06 5.798133e-06 1.113692294223158e+00 1.113693634144314e+00
5.625000e+00 1.102283e-06 4.908254e-06 1.133172937685595e+00 1.133174186763971e+00
5.781250e+00 1.006102e-06 4.711982e-06 1.153011576254387e+00 1.153012736303097e+00
6.015625e+00 8.325251e-07 4.520760e-06 1.191275452064152e+00 1.191276443831721e+00
6.171875e+00 7.054829e-07 4.404171e-06 1.221437898137066e+00 1.221438759841220e+00
6.406250e+00 5.105352e-07 4.209394e-06 1.271984066067848e+00 1.271984715460843e+00
6.562500e+00 3.837098e-07 4.056839e-06 1.308294785118638e+00 1.308295287124315e+00
6.796875e+00 2.061050e-07 3.785407e-06 1.365223808932500e+00 1.365224090311999e+00
7.031250e+00 5.006080e-08 3.457535e-06 1.423547139731029e+00 1.423547210994941e+00
7.187500e+00 3.980386e-08 3.206083e-06 1.462439200483009e+00 1.462439142272293e+00
7.421875e+00 1.519206e-07 2.778978e-06 1.519820383532182e+00 1.519820152640239e+00
7.578125e+00 2.114713e-07 2.461282e-06 1.556963019501566e+00 1.556962690248688e+00
7.812500e+00 2.788575e-07 1.937170e-06 1.610353276779907e+00 1.610352827721012e+00
7.968750e+00 3.100790e-07 1.558351e-06 1.644100854209545e+00 1.644100344408581e+00
